42949673985 8397696 3,1,36,37,16,28,17,20,38 1 -98
67108992 12884901888 30,36,21,6,7,28,26,20,23 1 -3
207 51548513280 24,33,3,43,22,34,41,14,13 0 -64
139058307840 274929978441 30,15,27,9,22,25,26,13,35 0 -91
76030848 339302419457 27,24,18,9,5,37,12,38,20 0 -27
8390203 1040772 24,4,27,37,22,7,10,11,35 0 -223
64424510465 8397760 18,3,4,31,7,6,17,32,13 1 -13
34963737635 8393692 2,18,1,25,6,16,11,26,29 1 56
8397440 60129543169 24,3,30,5,8,34,13,26,10 0 -84
47244641331 8401868 30,1,4,8,31,25,12,35,20 1 -14
76030880 339302419473 27,24,18,9,5,37,12,38,20 0 -56
4311746623 68826489024 4,2,0,7,5,8,13,10,14 1 -186
229376 4294993929 2,1,3,6,7,9,12,11,14 0 -14
67117056 1025 21,1,18,37,16,43,26,42,38 1 85
8389572 274877909048 15,18,2,19,43,25,32,35,42 0 74
60129545343 5342552064 1,4,0,5,9,7,14,10,12 1 256
64961381411 8399832 24,0,36,34,8,31,11,10,20 1 -164
34359739393 8658944 0,3,24,6,37,8,10,29,11 1 -16
25441152 60129542271 4,21,3,19,34,22,38,10,12 0 -107
12884903999 17695680 33,3,2,22,7,31,13,38,35 1 95
8192 1025 30,1,4,8,31,25,12,35,20 0 -22
60132688955 25424772 30,0,2,6,40,16,11,41,29 1 256
267367481361 7457745792 21,27,18,43,9,5,35,41,32 0 6
51539837953 59007040 0,3,24,6,37,8,10,29,11 1 2
484997335040 42949673471 4,1,15,22,25,7,14,23,29 1 -142
41956288 133215305729 0,3,24,6,37,8,10,29,11 0 -168
4312033792 34312585 33,18,3,16,28,22,12,26,10 0 -184
38654706691 8397508 30,1,4,8,31,25,12,35,20 1 -58
64425034753 25174976 30,0,2,6,40,16,11,41,29 1 82
397755424768 13421776873 0,3,2,9,7,6,10,13,14 0 256
8397760 64424512513 27,2,0,7,5,31,14,35,38 0 17
8810500 55851355073 15,21,3,31,7,22,23,10,20 0 -185
64432907137 209588846592 27,33,1,34,6,16,11,12,38 1 81
138513736576 63283661849 2,24,33,43,8,37,11,12,13 0 13
4 128 18,1,21,16,8,25,20,35,11 1 51
137480437760 70950846537 2,0,4,6,5,7,12,14,10 1 -59
25179080 322122550279 3,1,36,37,16,28,17,20,38 0 61
3088065152 207299346499 0,3,4,9,6,5,14,10,12 1 242
8397440 60129542145 30,27,0,22,6,9,17,12,35 0 61
8397440 60129543169 2,24,33,43,8,37,11,12,13 0 -15
768 1153 33,18,3,16,28,22,12,26,10 0 -99
131104506881 414330200960 0,3,24,6,37,8,10,29,11 1 -109
338698436638 570942497 0,2,4,8,9,7,14,10,11 1 217
16842991 68795396864 33,30,1,9,6,19,38,20,35 1 118
8790016 60129543169 0,3,24,6,37,8,10,29,11 0 21
13836928 473621332993 15,33,39,28,16,19,26,11,29 0 -45
34359739393 8397312 30,24,39,5,31,16,26,38,12 1 87
8397760 64424512513 4,27,33,43,40,6,38,23,14 0 52
64479232 4294969983 4,1,0,5,6,9,14,10,11 1 256
64424512537 12558336 30,33,0,34,7,28,11,20,29 1 37
3146753 69189238784 27,33,1,34,6,16,11,12,38 1 -43
203541193344 49790977 2,24,33,43,8,37,11,12,13 1 116
1025 8396800 2,36,27,31,9,8,14,32,35 1 69
8397696 64424510465 15,18,30,37,5,31,23,20,32 0 78
68928144419 25787081600 3,2,1,9,8,7,10,11,12 0 -78
42958332675 16978172 1,2,4,6,5,8,14,10,12 0 95
1025 8396800 39,36,15,25,40,7,12,42,20 1 97
300656615424 34359739515 24,33,3,43,22,34,41,14,13 1 110
42949673985 8397440 3,36,30,7,25,34,12,14,17 1 9
909312 326887277569 3,4,1,9,6,7,13,10,11 0 -160
1 8192 36,24,18,8,7,5,26,23,17 1 -19
34359741923 7872536 27,2,36,28,16,22,14,20,29 1 95
5234689 203549573888 2,24,33,43,8,37,11,12,13 0 -18
39225507843 412333639612 2,18,1,25,6,16,11,26,29 1 19
4563404831 335007981600 2,3,0,5,7,8,12,13,10 1 139
137464853452 343194733619 15,0,2,43,8,7,38,32,17 0 -155
50847808 330645373953 3,4,1,9,6,7,13,10,11 0 -222
2083 12884902400 33,3,2,22,7,31,13,38,35 1 24
4294973532 34359796770 4,24,3,25,5,34,32,17,20 0 7
8192 1025 1,2,44,40,34,25,35,26,20 0 2
1817706496 328833441852 24,27,21,8,22,7,10,26,38 0 -101
8396800 34359739393 2,24,33,43,8,37,11,12,13 0 -36
42949673985 8790016 24,2,0,6,7,8,10,29,13 1 -29
433724983296 47244668991 4,0,3,8,6,9,10,14,11 0 -97
64424510465 8397760 27,2,0,7,5,31,14,35,38 1 -34
8192 1025 2,39,15,28,19,16,12,32,13 0 49
16778281 5056 33,18,3,16,28,22,12,26,10 1 61
67117984 64424510465 3,0,2,9,7,8,12,13,14 1 22
25179076 339839290371 1,3,33,31,22,6,38,35,23 0 -55
57856 60129547264 0,27,21,19,28,40,20,38,13 0 25
511038783488 38671488255 4,1,15,22,25,7,14,23,29 1 -70
2154823683 68786595712 3,0,2,9,7,8,12,13,14 0 9
60666416241 16917390 30,1,4,8,31,25,12,35,20 1 -14
830761856 30065496127 4,30,24,16,19,5,11,29,32 0 -70
16777664 8207 18,1,21,16,8,25,20,35,11 0 -21
8397504 47 2,36,27,31,9,8,14,32,35 0 -145
4303892992 191 33,18,3,16,28,22,12,26,10 0 -132
343060515891 24323020 4,27,33,43,40,6,38,23,14 1 -169
13958643775 831267712 4,30,24,16,19,5,11,29,32 1 30
8680332 64491621427 4,1,2,7,5,9,10,12,14 0 25
139058999552 67041757841 2,24,33,43,8,37,11,12,13 0 -92
71948042243 486548992 3,0,2,9,7,8,12,13,14 0 92
8397312 15 4,30,24,16,19,5,11,29,32 0 -68
4840303232 16778303 4,2,0,5,9,6,11,13,14 0 -177
64961398784 8397375 4,2,3,7,6,9,12,11,10 0 -256
64497386560 9023 2,39,15,28,19,16,12,32,13 1 -112
1 8192 36,18,1,7,9,28,12,13,11 1 -22
34056227 47177532444 0,2,4,8,9,7,14,10,11 0 -256
58240 42815456257 15,33,39,28,16,19,26,11,29 0 -99
0 128 33,18,3,16,28,22,12,26,10 0 -56
209379660237 62841344 2,0,4,6,5,7,12,14,10 0 99
8397696 64424510465 39,30,2,34,6,28,11,23,10 0 -36
64424512513 9412608 30,33,0,34,7,28,11,20,29 1 25
25769803779 4362100736 2,3,0,9,6,8,11,12,13 1 21
34931064867 25310108 2,18,1,25,6,16,11,26,29 1 91
207305048064 60165194753 27,33,1,34,6,16,11,12,38 0 -116
8192 1025 30,36,15,8,5,25,20,42,29 0 -8
64424512513 9152 15,21,3,31,7,22,23,10,20 1 43
131104505857 139452294016 0,3,24,6,37,8,10,29,11 1 -130
10461184 64424512537 30,33,0,34,7,28,11,20,29 0 -25
67118976 68726816771 3,0,2,9,7,8,12,13,14 1 -58
34359739393 24576 27,2,36,28,16,22,14,20,29 1 45
16777280 3145729 36,2,27,22,9,34,11,17,35 0 1
25174976 339302419457 15,0,2,43,8,7,38,32,17 0 -63
128920338433 42247040 0,3,24,6,37,8,10,29,11 1 -66
60599305233 8053074028 2,1,15,16,31,5,14,35,17 1 -119
26315141888 137443673291 3,2,0,7,9,8,10,14,13 0 112
278528 31 0,2,3,6,8,7,11,10,13 0 -28
64430592 4294973915 2,1,3,6,7,9,12,11,14 0 140
4544 34368136193 24,33,3,43,22,34,41,14,13 0 14
25616384 4089 36,18,1,7,9,28,12,13,11 0 10
500566066176 43486543935 4,3,33,9,8,6,20,11,12 1 -187
141667401728 25322432 4,30,27,5,7,19,11,38,35 1 111
4295239680 8946241 33,18,3,16,28,22,12,26,10 0 -46
34359739393 8397312 2,24,33,43,8,37,11,12,13 1 18
343807361920 41517056 2,0,3,8,6,7,10,14,13 1 35
1 8192 39,30,2,34,6,28,11,23,10 1 1
414330200960 131104506883 0,3,24,6,37,8,10,29,11 0 119
16782284 51548446721 24,33,3,43,22,34,41,14,13 0 -87
75506176 51539608577 39,18,30,5,34,22,14,12,11 1 28
17277888 68928144419 3,2,1,9,8,7,10,11,12 1 29
33677632 60203992065 0,3,24,6,37,8,10,29,11 0 -46
8192 1 27,39,0,25,5,8,17,41,26 1 77
57984 38520488961 15,33,39,28,16,19,26,11,29 0 -105
38654706737 4430 2,1,0,7,8,6,10,14,13 1 -97
123776 47177532417 15,33,39,28,16,19,26,11,29 0 -108
25568128 2175 2,36,27,31,9,8,14,32,35 0 -204
60202419200 9095 2,39,15,28,19,16,12,32,13 1 -195
116449280 326417515583 2,4,1,7,9,5,12,13,10 0 -92
8192 1025 39,30,2,34,6,28,11,23,10 0 30
34359739393 8397312 27,2,0,7,5,31,14,35,38 1 -50
8397440 60129543169 21,15,30,40,34,19,11,38,23 0 -22
1 8192 2,36,27,31,9,8,14,32,35 1 71
175644673 131868917760 2,1,3,8,9,5,10,13,12 0 -37
60129543347 68719997708 24,4,27,37,22,7,10,11,35 0 -125
57344 137447608320 2,0,3,8,6,7,10,14,13 0 -47
8397312 42949673985 15,21,3,31,7,22,23,10,20 0 -72
25786584155 813769632 1,3,33,31,22,6,38,35,23 1 90
137439543296 25632 30,15,27,9,22,25,26,13,35 0 -82
16384 65536 30,15,27,9,22,25,26,13,35 1 55
8397696 60129543169 3,1,36,37,16,28,17,20,38 0 64
64425559089 25387968 30,0,2,6,40,16,11,41,29 1 96
25428515 339302615424 36,24,18,8,7,5,26,23,17 0 -116
137465036800 123937 30,15,27,9,22,25,26,13,35 0 29
8401806 203943838721 27,39,33,40,22,37,42,35,10 0 136
4607 44532224 0,2,3,6,8,7,11,10,13 1 81
274929847369 139058422528 30,15,27,9,22,25,26,13,35 1 33
339839290403 275356 15,21,3,31,7,22,23,10,20 1 21
64424510465 8397760 39,36,15,25,40,7,12,42,20 1 75
128 4294967296 30,36,21,6,7,28,26,20,23 1 -10
34359739393 8397312 36,24,18,8,7,5,26,23,17 1 10
8396800 34359739393 3,36,30,7,25,34,12,14,17 0 -20
139788918784 122142326785 2,1,3,8,9,5,10,13,12 0 17
13020169217 17246987168 3,0,2,9,7,8,12,13,14 0 -48
339302419491 25178972 4,27,33,43,40,6,38,23,14 1 10
7 8397440 33,30,1,9,6,19,38,20,35 1 43
51607240705 8855552 24,2,0,6,7,8,10,29,13 1 -1
1 8192 24,3,30,5,8,34,13,26,10 1 68
1025 8396800 1,3,33,31,22,6,38,35,23 1 65
8397760 64424512513 39,36,15,25,40,7,12,42,20 0 -40
8397696 64424510465 36,24,18,8,7,5,26,23,17 0 -41
25179080 64425446401 21,33,27,5,6,16,38,10,26 0 -65
34359741863 21635160 27,2,36,28,16,22,14,20,29 1 156
275163148868 60129545275 24,3,30,5,8,34,13,26,10 0 -59
42950198331 16788416 30,24,39,5,31,16,26,38,12 1 115
8397440 60129543169 39,30,2,34,6,28,11,23,10 0 -13
64424510497 25174464 39,36,15,25,40,7,12,42,20 1 74
64424518707 8674188 4,1,2,7,5,9,10,12,14 1 -134
60196880387 62152704 24,2,0,6,7,8,10,29,13 1 -53
42949680307 68720509772 24,4,27,37,22,7,10,11,35 0 -192
206233403392 127 2,0,4,6,5,7,12,14,10 1 -75
64432907201 210125717504 27,33,1,34,6,16,11,12,38 1 24
209385952132 60809216 2,0,3,8,6,7,10,14,13 1 132
4303628288 574273 33,18,3,16,28,22,12,26,10 0 -103
42966457469 489566568448 4,1,15,22,25,7,14,23,29 0 24
64425430017 25179080 21,33,27,5,6,16,38,10,26 1 -119
8589934592 17179869184 0,27,1,16,25,31,38,10,12 1 37
16307454046 34071585 0,2,4,8,9,7,14,10,11 1 119
1044612 8390459 24,4,27,37,22,7,10,11,35 1 232
40951808 25786714176 2,4,0,6,5,7,14,11,13 0 56
8397440 15 2,36,27,31,9,8,14,32,35 0 -109
35708928 16975945 2,4,0,6,5,7,14,11,13 0 -8
340107725825 25179078 3,36,30,7,25,34,12,14,17 1 -57
125564881921 140662235136 21,15,4,37,16,5,13,14,26 1 185
1025 8396800 27,39,33,40,22,37,42,35,10 1 -20
8397312 42949673985 24,3,30,5,8,34,13,26,10 0 -69
805790272 60146321467 1,3,33,31,22,6,38,35,23 0 -71
35 8397440 1,2,44,40,34,25,35,26,20 1 71
256 129 33,18,3,16,28,22,12,26,10 0 -85
255 68822556672 4,2,0,7,5,8,13,10,14 1 -72
8 67108992 15,2,0,6,19,22,13,20,11 0 -37
778688 60237546497 0,3,24,6,37,8,10,29,11 0 34
8401604 47244641315 30,1,4,8,31,25,12,35,20 0 21
34376532569 4294972710 4,1,2,7,5,9,10,12,14 1 93
8192 1025 0,4,1,37,25,34,32,35,17 0 -29
34430517249 8401856 2,39,15,28,19,16,12,32,13 1 -17
42949674991 485265770512 4,1,15,22,25,7,14,23,29 0 222
42949673985 8397440 39,4,21,22,43,7,12,13,20 1 -32
1009680 102777257984 18,1,24,5,25,28,29,11,26 0 41
16780343 68822294600 4,2,0,7,5,8,13,10,14 1 -91
339369525303 8778632 4,1,2,7,5,9,10,12,14 1 -106
4303366731 56410112 2,1,3,6,7,9,12,11,14 1 15
1025 8396800 2,24,33,43,8,37,11,12,13 1 27
880768 51609894947 30,0,2,6,40,16,11,41,29 0 -162
60129543169 8397696 39,4,21,22,43,7,12,13,20 1 -24
9152 64424512513 4,21,3,19,34,22,38,10,12 0 -53
64424510465 8397760 39,30,2,34,6,28,11,23,10 1 11
8396800 34359739393 0,4,1,37,25,34,32,35,17 0 -45
51472500736 34054179 0,2,4,8,9,7,14,10,11 1 219
17236176 1186521088 4,30,27,5,7,19,11,38,35 0 33
26315514368 4789579 3,2,0,7,9,8,10,14,13 0 58
69909635072 137456746648 4,30,27,5,7,19,11,38,35 1 -43
64424510467 25179072 21,15,30,40,34,19,11,38,23 1 21
8397324 42949673987 30,1,4,8,31,25,12,35,20 0 7
42949673985 122880 27,2,36,28,16,22,14,20,29 1 21
13072 38654708775 39,36,15,25,40,7,12,42,20 0 -24
8192 1025 2,36,27,31,9,8,14,32,35 0 -59
339637962753 139586969724 2,1,15,16,31,5,14,35,17 1 -195
42949673985 75506304 21,27,18,43,9,5,35,41,32 0 -77
64424512513 25472 2,24,33,43,8,37,11,12,13 1 -22
2550139928 313533145121 2,3,0,5,7,8,12,13,10 1 55
1040384 64424512529 27,2,36,28,16,22,14,20,29 0 0
0 4 18,1,21,16,8,25,20,35,11 0 -19
34359739393 8397312 15,33,39,28,16,19,26,11,29 1 100
7340033 448 36,2,27,22,9,34,11,17,35 1 -35
3145729 68920803328 27,33,1,34,6,16,11,12,38 1 -46
8396800 34359739393 24,4,1,19,37,16,32,12,35 0 35
24576 34359739393 33,39,2,34,37,16,38,23,32 0 8
339302425472 208667681 3,2,1,9,8,7,10,11,12 1 -39
47244641315 25178820 30,1,4,8,31,25,12,35,20 1 -14
3195 335016353792 24,33,3,43,22,34,41,14,13 0 -57
1 67117056 21,1,18,37,16,43,26,42,38 0 -53
1 8192 3,36,30,7,25,34,12,14,17 1 43
68795265792 16908527 33,30,1,9,6,19,38,20,35 0 -121
8397696 64424510465 39,36,15,25,40,7,12,42,20 0 -44
7116 47244772403 4,1,2,7,5,9,10,12,14 0 3
16790476 64433864705 21,33,27,5,6,16,38,10,26 0 -151
611876864 47244902849 27,33,1,34,6,16,11,12,38 0 -142
8397312 42949673985 2,24,33,43,8,37,11,12,13 0 -29
71341442057 139099971776 1,3,18,9,5,19,13,20,11 1 202
52948896769 254848 2,24,33,43,8,37,11,12,13 1 22
64426083329 25306048 30,0,2,6,40,16,11,41,29 1 158
4311943241 40951808 2,4,0,6,5,7,14,11,13 1 -66
8808448 34112449 33,18,3,16,28,22,12,26,10 0 -80
42949673985 8397440 27,24,44,7,8,16,11,42,32 1 -60
207095882 283467875377 0,2,4,8,9,7,14,10,11 1 37
830808960 150324379711 4,30,24,16,19,5,11,29,32 0 -10
64424510465 8397760 4,27,33,43,40,6,38,23,14 1 17
8199 120 4,24,3,25,5,34,32,17,20 1 105
42949673985 8397440 21,33,27,5,6,16,38,10,26 1 -23
77007423488 137446785040 18,1,24,5,25,28,29,11,26 1 -94
274877906979 128916128768 0,27,1,16,25,31,38,10,12 0 -97
68726816770 67117953 3,0,2,9,7,8,12,13,14 0 -3
42229760 137455932160 2,0,3,8,6,7,10,14,13 0 -46
