25174980 279709746232 44,1,24,37,8,28,41,29,20 0 15
8256 1025 15,3,30,6,34,40,32,11,41 1 -33
67108879 253952 3,15,4,22,34,25,12,10,14 1 49
76 9219 30,27,24,5,7,22,10,13,29 0 -82
42949673985 8397440 3,15,4,25,9,34,20,35,13 1 -12
51539608608 35708928 3,4,0,8,9,6,10,13,12 1 -19
288568120333 138521748096 39,21,3,25,22,7,23,38,11 1 96
8396800 34359739393 21,36,2,34,6,31,38,17,29 0 -83
283812051712 51556517113 3,4,1,9,6,5,12,11,13 0 5
343261841408 16999297 27,2,39,34,31,40,32,14,38 1 61
8192 38654706689 3,15,4,25,9,34,20,35,13 0 20
42949673985 8397440 27,2,18,37,8,34,20,10,32 1 -13
74194092032 137439854600 18,1,0,5,16,34,11,14,20 0 -37
4207488 16778360 3,4,1,9,6,5,12,11,13 0 23
396 68791832576 4,24,27,31,5,34,23,10,35 0 86
4202880 1112 3,4,1,9,6,5,12,11,13 0 4
68808315264 4303638025 3,4,27,7,28,5,42,23,11 1 96
36574331929 31675396096 2,1,3,8,7,9,11,12,14 0 18
60216578306 8675389 1,3,0,5,7,9,11,13,10 1 12
5064 64424714241 30,18,33,31,22,28,20,10,35 0 -84
206232592384 312995742727 2,1,4,16,28,8,32,35,12 0 96
47244641280 122880 4,0,3,8,7,6,13,11,10 1 -96
1025 8396800 21,1,18,37,25,16,10,32,29 1 25
34359739393 8397312 2,27,18,28,16,6,41,32,26 1 2
326417515553 13430170112 18,21,27,8,40,9,10,14,20 1 4
1025 8396800 36,21,27,34,7,8,13,10,20 1 6
5368713790 53762598145 4,2,0,9,6,5,12,14,13 1 96
25305984 339839290369 27,2,39,34,31,40,32,14,38 0 -38
44425216 84542401 1,3,2,9,7,8,11,10,12 0 -96
25305220 326417516633 39,21,3,25,22,7,23,38,11 0 -78
42463488 553648895 21,15,2,25,16,34,32,13,11 0 -96
318305731073 599102 2,3,0,7,9,8,10,12,11 1 -50
8397760 335007449091 39,33,36,43,28,40,35,26,12 0 -68
309791296619 478950292 24,39,15,9,31,28,26,32,42 0 -96
60129545217 4840235392 21,15,30,9,8,37,35,11,10 1 -21
1025 75505664 4,30,2,19,6,28,42,26,32 0 -96
8397440 60129543169 4,0,15,7,28,37,14,17,35 0 -32
398465172480 150324093505 33,18,24,8,19,22,14,10,32 1 19
387016819777 43819776 0,1,3,9,7,8,14,11,12 1 49
42949673985 75506304 24,39,15,9,31,28,26,32,42 0 -45
60213428249 13286 4,2,36,9,31,8,23,38,13 1 -52
8192 1025 15,33,2,19,31,6,10,12,13 0 37
33611776 326417515521 4,3,0,5,7,8,12,13,14 0 -1
256 129 33,2,36,16,19,28,17,13,11 0 -40
33822879744 103285784593 2,1,3,8,7,9,11,12,14 1 -4
8396800 34359739393 18,24,15,31,22,16,26,41,10 0 -89
8397768 339302419457 18,4,24,5,9,6,41,42,32 0 -53
16782296 176135987200 33,18,24,8,19,22,14,10,32 0 -96
8192 1 15,3,30,6,34,40,32,11,41 1 11
60129543169 8397696 18,4,24,5,9,6,41,42,32 1 22
34359739392 75506176 27,39,3,19,31,28,23,20,10 0 -96
478950164 309774519531 24,39,15,9,31,28,26,32,42 1 -23
34359739393 286720 0,3,1,9,7,5,12,14,10 1 -10
70973423616 138529947656 18,1,0,5,16,34,11,14,20 0 -8
42949673985 8397440 18,36,3,25,34,40,32,12,41 1 52
3145728 196616 18,1,0,5,16,34,11,14,20 0 -41
4303644681 17530944 2,0,3,7,6,8,12,11,13 1 -69
1 8192 18,21,27,8,40,9,10,14,20 1 26
8192 1025 1,4,3,6,31,34,10,38,12 0 -32
34359739393 8397312 27,21,30,43,6,16,35,14,38 1 5
68799177216 36700361 2,1,4,7,9,5,13,14,10 0 4
146054258688 1440 2,0,3,7,6,8,12,11,13 1 50
8396800 34359739393 15,33,2,19,31,6,10,12,13 0 38
25179076 339839290371 21,36,2,34,6,31,38,17,29 0 -78
8520585 17162240 1,3,2,9,7,8,11,10,12 1 52
326417514496 8397440 4,24,39,19,37,6,32,17,12 1 22
8811016 64475466753 27,21,30,43,6,16,35,14,38 0 -86
141679681536 403727455128 21,15,30,9,8,37,35,11,10 0 50
68811760448 3111 3,4,27,7,28,5,42,23,11 1 89
142272505856 8389311 4,2,1,8,7,5,12,14,10 0 -96
63 122880 2,0,3,7,6,8,12,11,13 1 -96
0 0 24,39,15,9,31,28,26,32,42 1 15
17187209225 8414144 18,24,15,31,22,16,26,41,10 1 96
25436160 38654837761 2,1,4,16,28,8,32,35,12 0 -11
64500408320 16782270 4,2,0,9,6,5,12,14,13 0 -96
68826685440 2943 4,24,27,31,5,34,23,10,35 1 79
16777263 8401856 21,15,2,25,16,34,32,13,11 1 9
64424512541 8446912 18,36,3,25,34,40,32,12,41 1 96
68792877057 2281758720 4,0,3,8,7,6,13,11,10 1 -96
8397696 64424510465 4,30,36,40,9,19,29,23,35 0 9
326820168739 14503914000 18,21,27,8,40,9,10,14,20 1 59
25175000 339302419489 4,24,39,19,37,6,32,17,12 0 -72
343261839360 222979 27,2,39,34,31,40,32,14,38 1 -1
1 8192 3,15,4,25,9,34,20,35,13 1 -2
60129545305 1686643584 21,15,30,9,8,37,35,11,10 1 96
417792 60129542145 0,3,1,9,7,5,12,14,10 0 -3
8192 3 21,15,2,25,16,34,32,13,11 0 -29
38691520512 8794560 33,18,24,8,19,22,14,10,32 1 86
42949672963 8397504 27,3,30,6,28,25,17,26,29 1 96
8397312 42949673985 3,4,36,6,19,34,32,20,38 0 -22
314069486699 478688148 24,39,15,9,31,28,26,32,42 0 -96
25310150 339302419513 4,24,39,19,37,6,32,17,12 0 -79
1025 8396800 15,36,2,22,16,37,38,23,32 1 -15
60129616832 279105765421 30,2,0,37,7,40,17,11,12 0 96
339839290385 25195460 30,2,0,37,7,40,17,11,12 1 96
34359739393 8397312 4,27,24,16,6,34,32,26,17 1 35
25654208 341181466657 21,36,2,34,6,31,38,17,29 0 -89
42949673985 8397440 30,2,0,37,7,40,17,11,12 1 83
335477214256 76772548687 1,3,2,8,9,7,10,12,11 1 96
8403250 60196651149 4,2,36,9,31,8,23,38,13 0 10
47244643329 68794983296 4,30,2,19,6,28,42,26,32 0 -96
68794983040 35656009 2,1,4,7,9,5,13,14,10 0 37
34359739393 8397312 18,4,24,5,9,6,41,42,32 1 11
8401800 60129543237 24,30,18,31,22,9,38,32,17 0 -37
8397440 60129543169 21,36,2,34,6,31,38,17,29 0 -58
1025 75505664 27,39,3,19,31,28,23,20,10 0 -84
38654772225 25567232 2,1,4,16,28,8,32,35,12 1 4
11002496 43016782143 1,3,2,9,7,8,11,10,12 0 -26
94 34376590336 2,3,4,5,8,9,12,14,11 1 40
42949804032 8397833 2,3,4,5,8,9,12,14,11 0 -96
58818560 287617 1,3,2,9,7,8,11,10,12 0 -24
4303644681 17530944 2,0,3,7,6,8,12,11,13 1 -69
339302419489 25175000 0,3,1,22,34,37,35,17,13 1 -96
64290291928 8664871 1,2,4,6,8,7,14,13,12 1 71
25436672 47244772353 36,21,27,34,7,8,13,10,20 0 -46
9189764 42966451323 33,2,36,16,19,28,17,13,11 0 -96
53182464 287689 0,24,3,6,8,7,14,13,11 0 -96
60196651021 8397746 4,2,36,9,31,8,23,38,13 1 -90
339839289399 25293768 30,2,0,37,7,40,17,11,12 1 96
57344 67108871 3,15,4,22,34,25,12,10,14 0 -9
8396800 34359739393 21,15,33,34,16,31,13,17,26 0 -33
9160 4294969399 36,18,2,34,22,28,29,35,32 0 96
64424510465 8401792 30,0,27,28,43,5,23,11,20 1 23
4311747647 8876992 21,15,2,25,16,34,32,13,11 1 96
8192 1 24,39,15,9,31,28,26,32,42 1 23
9251 4188 30,27,24,5,7,22,10,13,29 1 88
4124 9251 30,27,24,5,7,22,10,13,29 0 -44
4295102510 62923072 4,21,18,25,8,37,29,17,26 1 65
142271457280 255 4,2,1,8,7,5,12,14,10 0 -96
140161 25509888 1,3,2,9,7,8,11,10,12 1 0
1025 8396800 27,2,18,37,8,34,20,10,32 1 20
25437056 60130264065 36,21,27,34,7,8,13,10,20 0 -89
64424510465 8397440 18,36,3,25,34,40,32,12,41 1 55
302929415217 70665642056 1,3,2,8,9,7,10,12,11 1 96
8396800 6 44,30,24,25,40,6,23,32,26 0 26
207299289160 303734718513 1,3,2,8,9,7,10,12,11 0 -96
2080375808 7938049 0,3,1,9,7,5,12,14,10 1 73
1 8192 4,27,24,16,6,34,32,26,17 1 32
3 8396800 44,30,24,25,40,6,23,32,26 1 -10
9249 30 30,27,24,5,7,22,10,13,29 1 25
34359743167 10804800768 4,2,0,9,6,5,12,14,13 1 96
60129543169 8397696 21,15,33,34,16,31,13,17,26 1 10
60137932403 280783906816 2,3,4,5,8,9,12,14,11 1 96
8664000 34359741503 1,30,24,5,16,19,11,14,29 0 -96
25587720 55834577621 18,2,36,31,7,19,17,13,12 0 -96
72948056064 16786303 4,2,1,8,7,5,12,14,10 1 96
75502495 52944960 1,3,2,9,7,8,11,10,12 1 -92
64424510465 8397760 44,1,24,37,8,28,41,29,20 1 -42
344469798912 2289041409 3,33,4,31,6,7,17,29,23 0 -48
8397312 35 36,18,2,34,22,28,29,35,32 0 76
34359739393 8397312 4,0,15,7,28,37,14,17,35 1 3
8856448 64428180481 21,1,18,37,25,16,10,32,29 0 -88
64424510465 75506624 3,4,27,7,28,5,42,23,11 0 -90
4311746619 8520644 36,18,2,34,22,28,29,35,32 1 35
122880 63 2,0,3,7,6,8,12,11,13 0 80
68158409 42663936 1,3,2,9,7,8,11,10,12 1 96
1048577 201326592 3,33,4,31,6,7,17,29,23 1 63
8396800 34359739393 21,15,30,9,8,37,35,11,10 0 -56
67766145 59105280 1,3,2,9,7,8,11,10,12 1 55
8396864 34359739393 15,3,30,6,34,40,32,11,41 1 -78
35655757 68794983296 2,1,4,7,9,5,13,14,10 1 -64
210528370688 8446937 24,0,2,7,25,37,35,13,12 0 -96
38654708787 25178764 1,30,24,5,16,19,11,14,29 1 96
5100273664 57344 3,1,4,5,37,19,32,12,23 1 71
47286710280 394230 33,18,24,8,19,22,14,10,32 1 96
65037279232 16798718 4,2,0,9,6,5,12,14,13 0 -81
69094921224 137464260755 18,24,15,31,22,16,26,41,10 1 1
283812313344 51556517113 3,4,1,9,6,5,12,11,13 0 45
2147540992 68792877057 4,0,3,8,7,6,13,11,10 0 -11
8678449 60199800846 1,3,0,5,7,9,11,13,10 0 -96
40927561 68117120 2,1,4,7,9,5,13,14,10 1 -96
8675968 36405248 33,18,24,8,19,22,14,10,32 0 -50
197585936384 5244453 2,0,3,7,6,8,12,11,13 1 -35
4303431680 127 0,2,3,6,8,7,11,10,13 0 -96
3766500248 198039306279 18,21,27,8,40,9,10,14,20 0 -96
8195 76 30,27,24,5,7,22,10,13,29 1 47
286720 51539607553 0,3,1,9,7,5,12,14,10 0 -38
64424512513 25174976 3,4,36,6,19,34,32,20,38 1 -21
69061362701 476800221312 18,24,15,31,22,16,26,41,10 1 96
64424512541 25179072 18,2,36,31,7,19,17,13,12 1 96
0 0 4,30,2,19,6,28,42,26,32 1 45
25228228 339839290395 30,2,0,37,7,40,17,11,12 0 -96
920 339302417409 2,0,18,22,19,31,12,26,35 0 7
19529083904 4294968255 4,2,0,9,6,5,12,14,13 0 -73
4840235520 335007450113 18,21,27,8,40,9,10,14,20 0 -44
50561088 8675968 33,18,24,8,19,22,14,10,32 1 91
64424510465 8397760 18,4,24,5,9,6,41,42,32 1 15
34359739393 8658944 4,2,36,9,31,8,23,38,13 1 -14
68786589696 448 4,24,27,31,5,34,23,10,35 1 -30
123 778240 0,1,3,5,9,7,11,14,13 1 -6
60129542145 483328 0,3,1,9,7,5,12,14,10 1 -9
127 137439731712 0,1,3,5,9,7,11,14,13 1 45
477680897025 71963762688 1,4,3,6,31,34,10,38,12 1 -96
11679072261 25637824 15,24,27,19,8,7,17,10,11 0 96
2692758424 336483845159 18,21,27,8,40,9,10,14,20 0 -96
51556516985 283811789696 3,4,1,9,6,5,12,11,13 1 18
8397440 60129543169 44,1,24,37,8,28,41,29,20 0 -4
34359739393 8397312 24,30,18,31,22,9,38,32,17 1 46
4303369156 51606717499 4,2,36,9,31,8,23,38,13 0 89
1 8192 27,2,18,37,8,34,20,10,32 1 7
320243502081 207708160 4,0,3,8,7,6,13,11,10 1 64
3171200 60155167745 36,21,27,34,7,8,13,10,20 0 25
25420672 343194733569 27,2,39,34,31,40,32,14,38 0 -96
64424512513 4153344 1,4,3,6,31,34,10,38,12 1 -96
67310191616 16982031 44,15,39,6,40,5,20,42,12 1 70
8397760 64424512513 4,27,24,16,6,34,32,26,17 0 -69
335410103331 5913979544 18,21,27,8,40,9,10,14,20 1 96
335074562456 210327577088 21,15,30,9,8,37,35,11,10 1 52
34359739393 8397440 39,24,3,5,8,43,42,29,26 1 -15
34359739393 8397312 27,2,18,37,8,34,20,10,32 1 -9
60129543169 8397696 3,4,36,6,19,34,32,20,38 1 3
326417515521 33677312 4,3,0,5,7,8,12,13,14 1 -17
448019357824 32816234559 4,3,0,7,5,16,10,13,14 0 -96
335411150849 70934126592 4,0,3,8,7,6,13,11,10 1 96
335074562456 141612556800 21,15,30,9,8,37,35,11,10 1 58
68786594560 35655873 2,1,4,7,9,5,13,14,10 0 10
36700233 68799177216 2,1,4,7,9,5,13,14,10 1 -78
75506304 47244641281 4,30,2,19,6,28,42,26,32 1 96
8397440 60129543169 39,33,36,43,28,40,35,26,12 0 -32
1 8192 3,33,21,16,6,37,17,38,29 1 89
50577408 8664001 0,24,3,6,8,7,14,13,11 0 -24
34359739393 8397312 3,33,21,16,6,37,17,38,29 1 83
47244641281 516096 1,4,3,6,31,34,10,38,12 1 -96
50438144 8798977 1,3,2,9,7,8,11,10,12 0 -96
4294993929 491520 2,0,3,7,6,8,12,11,13 1 -92
60198753187 25455644 1,3,0,5,7,9,11,13,10 1 96
34360337440 301117472768 0,3,1,9,7,5,12,14,10 0 -89
75510212 12901813307 33,2,36,16,19,28,17,13,11 0 -79
25769811968 7340032 30,21,27,19,6,31,29,14,10 1 30
16982028 67310190593 44,15,39,6,40,5,20,42,12 0 -96
25178716 339302419491 18,4,24,5,9,6,41,42,32 0 -96
1053660 171815625763 2,0,3,7,6,8,12,11,13 0 72
60129543169 75506560 21,15,30,9,8,37,35,11,10 1 -55
8396800 42949672960 36,2,0,34,28,6,17,35,13 0 33
25174976 339302419457 0,3,1,22,34,37,35,17,13 0 61
68794983296 64424510465 27,39,3,19,31,28,23,20,10 1 96
68827013120 42949674111 4,24,27,31,5,34,23,10,35 1 32
47244647479 68719993736 24,4,27,37,22,7,10,11,35 1 -96
8192 1025 18,36,3,25,34,40,32,12,41 0 -65
34359944192 16777310 2,3,4,5,8,9,12,14,11 0 -47
67108927 9131041024 3,15,4,22,34,25,12,10,14 1 35
34359739393 75506304 27,39,3,19,31,28,23,20,10 0 -96
64424510465 8397760 21,15,33,34,16,31,13,17,26 1 -27
1089 896 33,2,36,16,19,28,17,13,11 1 34
335077707784 8416307 1,3,0,5,7,9,11,13,10 1 36
478620420113 71074570240 1,4,3,6,31,34,10,38,12 1 -96
36405248 8676224 33,18,24,8,19,22,14,10,32 1 24
68802323072 64424512513 27,39,3,19,31,28,23,20,10 1 96
1 67117056 24,39,15,9,31,28,26,32,42 0 -26
3135 66437775360 4,3,0,7,5,16,10,13,14 1 96
335544323104 76030851 24,39,15,9,31,28,26,32,42 0 -73
516096 64424512513 4,0,3,8,7,6,13,11,10 0 96
16777343 137439731712 0,1,3,5,9,7,11,14,13 1 48
16779326 8794816 21,15,2,25,16,34,32,13,11 1 82
64424512529 13248 18,2,36,31,7,19,17,13,12 1 69
8790016 43016781825 4,2,36,9,31,8,23,38,13 0 -13
60129542147 8790144 27,3,30,6,28,25,17,26,29 1 70
201898139648 25170904 33,18,24,8,19,22,14,10,32 1 96
68808606592 281609 3,4,27,7,28,5,42,23,11 1 96
75506624 40533756929 21,2,1,8,40,5,14,29,32 0 -96
1 8192 39,24,3,5,8,43,42,29,26 1 -24
34376516731 9189764 33,2,36,16,19,28,17,13,11 1 96
25179084 339302419505 4,24,39,19,37,6,32,17,12 0 -74
64290292776 16974535 0,36,24,6,37,9,32,29,35 1 96
